x
0 1
1 0.014319809 0.1875
2 0.005390836 0.2
3 0 0.15274463
4 0 0.111111111
5 0 0.089900111
6 0 0.197530864
7 0 0.197934596
8 0.018348624 0.222222222
9 0 0.08219178100000001
10 0.011235955 0.156334232
11 0.024475524 0.173913043
12 0.00990099 0.196969697
13 0.00390625 0.080808081
14 0 0.11627907
15 0 0.15195369
16 0.014285714 0.138228942
17 0 0.113496933
18 0 0.035532995
19 0 0.06779660999999999
20 0.016393443 0.141666667
21 0 0.061538462
22 0 0.043478261
23 0 0.017182131
24 0 0.046153846
25 0 0.010362694
26 0 0.029023747
27 0 0.040816327
28 0 0.024691358
29 0 0.010204082
30 0 0.017582418
31 0 0.040816327
32 0 0.033333333
33 0 0.016666667
34 0 0.020408163
35 0 0.02293578
36 0 0.027522936
37 0 0.01980198
38 0 0.008403361
39 0 0.014440433
40 0 0.037267081
41 0 0.043478261
42 0 0.025210084
43 0 0.015384615
44 0 0.024691358
45 0 0.033333333
46 0 0.025
47 0 0.028985507
48 0 0.026315789
49 0 0.015503876
50 0 0.02970297
51 0 0.034482759
52 0 0.046153846
53 0 0.014492754
54 0 0.016666667
55 0 0.015831135
56 0 0.046153846
57 0 0.033333333
58 0 0.006666667
59 0 0.014925373
60 0 0.043478261
61 0 0.016260163
62 0 0.012345679
63 0 0.059808612
64 0 0.014492754
65 0 0.006033183
66 0 0.016949153
67 0 0.025
68 0 0.02
69 0 0.015384615
70 0 0.014925373
71 0 0.028571429
72 0 0.028571429
73 0 0.010695187
74 0 0.012345679
75 0 0.015384615
76 0 0.021621622
77 0 0.012765957
78 0 0.008510637999999999
79 0 0.014388489
80 0 0.01980198
81 0 0.031914894
82 0 0.028985507
83 0 0.016806723
84 0 0.020408163
85 0 0.008510637999999999
86 0 0.023255814
87 0 0.019672131
88 0 0.017241379
89 0 0.018248175
90 0 0.020408163
91 0 0.030612245
92 0 0.016393443
93 0 0.014925373
94 0 0.015789474
95 0 0.017006803
96 0 0.030612245
97 0 0.014619883
98 0 0.01
99 0 0.011152416
100 0 0.03960396
101 0 0.01056338
102 0 0.016666667
103 0 0.010989011
104 0 0.010204082
105 0 0.009302326
106 0 0.015384615
107 0 0.005813953
108 0 0.016666667
109 0 0.009302326
110 0 0.05
111 0 0.011627907
112 0 0.010989011
113 0 0.006079027
114 0 0.015384615
115 0 0.011102887
116 0 0.015503876
117 0 0.010362694
118 0 0.004854369
119 0 0.015384615
120 0 0.015503876
121 0 0.028571429
122 0 0.057971014
123 0 0.010695187
124 0 0.02173913
125 0 0.011379801
126 0 0.0375
127 0 0.025
128 0 0.016666667
129 0 0.020408163
130 0 0.030612245
131 0 0.0375
132 0 0.028776978
133 0 0.025
134 0 0.021582734
135 0 0.023255814
136 0 0.021276596
137 0 0.020408163
138 0 0.010204082
139 0 0.019047619
140 0 0.025862069
141 0 0.020408163
142 0 0.014925373
143 0 0.018518519
144 0 0.014925373
145 0 0.013323464
146 0 0.046296296
147 0 0.10862069
148 0 0.018867925
149 0 0.0125
150 0 0.011655012
151 0 0.025
152 0 0.021276596
153 0 0.028985507
154 0 0.014925373
155 0 0.018348624
156 0 0.014492754
157 0 0.015384615
158 0 0.0125
159 0 0.016574586
160 0 0.025
161 0 0.028248588
162 0 0.045112782
163 0 0.019245004
164 0 0.021276596
165 0 0.016666667
166 0 0.028985507
167 0 0.017964072
168 0 0.117647059
169 0 0.015384615
170 0 0.029850746
171 0 0.024691358
172 0 0.030769231
173 0 0.015673981
174 0 0.016806723
175 0 0.019498607
176 0 0.020689655
177 0 0.030769231
178 0 0.008403361
179 0 0.016666667
180 0 0.033613445
181 0 0.020547945
182 0 0.02
183 0 0.0125
184 0 0.013745704
185 0 0.005235602
186 0 0.012345679
187 0 0.014074074
188 0 0.013422819
189 0 0.030927835
190 0 0.015957447
191 0 0.017241379
192 0 0.015384615
193 0 0.010471204
194 0 0.010526316
195 0 0.016666667
196 0 0.011627907
197 0 0.01980198
198 0 0.007194245
199 0 0.008403361
200 0 0.019047619
201 0 0.029850746
202 0 0.024590164
203 0 0.023923445
204 0 0.023255814
205 0 0.010638298
206 0 0.028571429
207 0 0.01984127
208 0 0.028985507
209 0 0.014925373
210 0 0.026890756
211 0 0.037837838
212 0 0.031932773
213 0 0.015384615
214 0 0.016216216
215 0 0.014925373
216 0 0.025210084
217 0 0.016042781
218 0 0.008791208999999999
219 0 0.015384615
220 0 0.021390374
221 0 0.03125
222 0 0.031914894
223 0 0.025862069
224 0 0.035971223
225 0 0.009957326000000001
226 0 0.033149171
227 0 0.018348624
228 0 0.021978022
229 0 0.015544041
230 0 0.019047619
231 0 0.035714286
232 0 0.030612245
233 0 0.019417476
234 0 0.035087719
235 0 0.025862069
236 0 0.025
237 0 0.020408163
238 0 0.012345679
239 0 0.013422819
240 0 0.030612245
241 0 0.030769231
242 0 0.043103448
243 0 0.019138756
244 0 0.016304348
245 0 0.016666667
246 0 0.032786885
247 0 0.020408163
248 0 0.031914894
249 0 0.01980198
250 0 0.016806723
251 0 0.026595745
252 0 0.065934066
253 0 0.015384615
254 0 0.015384615
255 0 0.016666667
256 0 0.034883721
257 0 0.016806723
258 0 0.016666667
259 0 0.016666667
260 0 0.030769231
261 0 0.014925373
262 0 0.0125
263 0 0.020408163
264 0 0.010204082
265 0 0.00310559
266 0 0.020942408
267 0 0.0125
268 0 0.015384615
269 0 0.006079027
270 0 0.014925373
271 0 0.012048193
272 0 0.028985507
273 0 0.020408163
274 0 0.010582011
275 0 0.009523810000000001
276 0 0.009153318000000001
277 0 0.015384615
278 0 0.007751938
279 0 0.010695187
280 0 0.010204082
281 0 0.014652015
282 0 0.025210084
283 0 0.010989011
284 0 0.014492754
285 0 0.016666667
286 0 0.026845638
287 0 0.029850746
288 0 0.044776119
289 0 0.02
290 0 0.018918919
291 0 0.029239766
292 0 0.016304348
293 0 0.010989011
294 0 0.014925373
295 0 0.012345679
296 0 0.015151515
297 0 0.016304348
298 0 0.008196721000000001
299 0 0.010204082
300 0 0.017817372
301 0 0.021097046
302 0 0.016666667
303 0 0.012345679
304 0 0.013761468
305 0 0.02259887
306 0 0.023255814
307 0 0.031914894
308 0 0.024767802
309 0 0.010204082
310 0 0.016666667
311 0 0.01980198
312 0 0.016949153
313 0 0.015873016
314 0 0.013307985
315 0 0.06406685199999999
316 0 0.028138528
317 0 0.021276596
318 0 0.006711409
319 0 0.012048193
320 0 0.015957447
321 0 0.034883721
322 0 0.021978022
323 0 0.014859659
324 0 0.014925373
325 0 0.015503876
326 0 0.018604651
327 0 0.016064257
328 0 0.0234375
329 0 0.016666667
330 0 0.023952096
331 0 0.027906977
332 0 0.018050542
333 0 0.017241379
334 0 0.021276596
335 0 0.02259887
336 0 0.030612245
337 0 0.018348624
338 0 0.007092199
339 0 0.016666667
340 0 0.024691358
341 0 0.024691358
342 0 0.02970297
343 0 0.015384615
344 0 0.0125
345 0 0.015384615
346 0 0.020408163
347 0 0.013793103
348 0 0.030769231
349 0 0.015384615
350 0 0.028089888
351 0 0.02484472
352 0 0.021978022
353 0 0.012765957
354 0 0.00990099
355 0 0.021276596
356 0 0.01980198
357 0 0.018583043
358 0 0.01369863
359 0 0.016666667
360 0 0.024691358
361 0 0.008403361
362 0 0.008403361
363 0 0.007936508
364 0 0.006224066
365 0 0.003067485
366 0 0.01
367 0 0.008771930000000001
368 0 0.0125
369 0 0.012345679
370 0 0.005813953
371 0 0.010067114
372 0 0.016666667
373 0 0.005617978
374 0 0.008695652
375 0 0.010204082
376 0 0.016666667
377 0 0.007407407
378 0 0.007194245
379 0 0.010638298
380 0 0.015306122
381 0 0.033333333
382 0 0.015384615
383 0 0.011235955
384 0 0.011627907
385 0 0.015384615
386 0 0.014925373
387 0 0.010526316
388 0 0.013927577
389 0 0.010638298
390 0 0.013661202
391 0 0.019047619
392 0 0.033333333
393 0 0.007326007
394 0 0.014492754
395 0 0.015384615
396 0 0.014925373
397 0 0.009310987
398 0 0.00617284
399 0 0.013422819
400 0 0.017241379
401 0 0.041284404
402 0 0.042016807
403 0 0.014492754
404 0 0.027210884
405 0 0.015384615
406 0 0.0375
407 0 0.017241379
408 0 0.033613445
409 0 0.015503876
410 0 0.01980198
411 0 0.023391813
412 0 0.034482759
413 0 0.015384615
414 0 0.020408163
415 0 0.021276596
416 0 0.017021277
417 0 0.022727273
418 0 0.01
419 0 0.015873016
420 0 0.026595745
421 -0.207231343 0.233642861
422 -0.210174786 0.208892053
423 -0.189453515 0.291445439
424 -0.163434381 0.266213471
425 -0.216082289 0.236380933
426 -0.20871495 0.254120535
427 -0.187541721 0.487198361
428 -0.215023315 0.255964012
429 -0.190995343 0.210491993
430 -0.208070499 0.35300976
431 -0.133158695 0.291570888
432 -0.199829434 0.248020422
433 -0.156969037 0.223171821
434 -0.252517358 0.671043947
435 -0.164360068 0.294067643
436 -0.227414185 0.40067929
437 -0.237637926 0.257594114
438 -0.19632614 0.195015111
439 -0.167536507 0.248404767
440 -0.206246012 0.214433343
441 -0.13812999 0.503503462
442 -0.23655639 0.301329178
443 -0.195159663 0.253976881
444 -0.213054648 0.517565095
445 -0.295047951 0.202527893
446 -0.198673742 0.265774731
447 -0.21306111 0.254430036
448 -0.150871814 0.516888954
449 -0.334227723 0.220378087
450 -0.198999526 0.246964105
451 -0.11957698 0.408399534
452 -0.154138192 0.347012837
453 -0.131408721 0.398256146
454 -0.129831454 0.396883258
455 -0.12770955 0.31144282
456 -0.14863983 0.298093391
457 -0.128481362 0.355608016
458 -0.128508815 0.337302799
459 -0.149330617 0.387298933
460 -0.128457419 0.327359904
461 -0.097785151 0.374197599
462 -0.249343803 0.390129384
463 -0.089639854 0.36524122
464 -0.124059631 0.362433613
465 -0.09068712499999999 0.379148949
466 -0.103322038 0.316122796
467 -0.139356137 0.331211337
468 -0.150348544 0.342029825
469 -0.150565583 0.319325797
470 -0.123263086 0.279569885
471 -0.131147237 0.282258322
472 -0.155856072 0.331364799
473 -0.237661042 0.337409284
474 -0.155591268 0.323558866
475 -0.142396468 0.329348354
476 -0.186658429 0.343136616
477 -0.116863694 0.355704336
478 -0.178604907 0.305743808
479 -0.370701375 0.326931688
480 -0.245420159 0.328928826
481 -0.226413226 0.521105857
482 -0.162193755 0.406850667
483 -0.11534126 0.452416892
484 -0.13781491 0.361953992
485 -0.205666178 0.396855076
486 -0.120455172 0.344489363
487 -0.177271693 0.40689349
488 -0.08898463700000001 0.313031939
489 -0.148718508 0.322543868
490 -0.187165936 0.322250501
491 -0.12124996 0.31186499
492 -0.138250535 0.308739793
493 -0.295584902 0.328747603
494 -0.157651767 0.318241488
495 -0.188131354 0.291907766
496 -0.170204566 0.318477344
497 -0.226538282 0.306403442
498 -0.22562203 0.308313342
499 -0.165970505 0.304505394
500 -0.124826644 0.307087358
501 -0.175941822 0.357162679
502 -0.106123644 0.347373306
503 -0.15979462 0.329655592
504 -0.159996344 0.358807752
505 -0.184203873 0.311133183
506 -0.104160024 0.358582286
507 -0.149158593 0.304196291
508 -0.151670623 0.278505446
509 -0.231530093 0.297362391
510 -0.190960013 0.308347977
511 -0.258765268 0.294041929
512 -0.384872096 0.252283185
513 -0.133271621 0.551957155
514 -0.2564894 0.299486898
515 -0.145451653 0.262288262
516 -0.11787562 0.317475685
517 -0.189906338 0.26421625
518 -0.247677632 0.227116038
519 -0.16210175 0.236886803
520 -0.225699278 0.347355582
521 -0.229027115 0.231076736
522 -0.084084834 0.23692956
523 -0.184511529 0.261985203
524 -0.395582845 0.276341555
525 -0.162697738 0.256201578
526 -0.121349487 0.573877714
527 -0.355575556 0.23102035
528 -0.144453668 0.276440098
529 -0.079122356 0.362067018
530 -0.376407385 0.251510227
531 -0.109978545 0.238630484
532 -0.110872139 0.243656922
533 -0.237749795 0.268638294
534 -0.154557116 0.293922022
535 -0.238345159 0.267627529
536 -0.193101427 0.223924129
537 -0.14521161 0.269950134
538 -0.224648355 0.243189798
539 -0.145606635 0.25732726
540 -0.104179799 0.229153756
541 -0.223198594 0.683432132
542 -0.162290516 0.544787855
543 -0.164119706 0.546940081
544 -0.165908205 0.444101278
545 -0.20560779 0.528975557
546 -0.187543793 0.374490927
547 -0.243599021 0.447684173
548 -0.136243249 0.339317601
549 -0.211537799 0.392296344
550 -0.173145775 0.359776803
551 -0.153929836 0.318913378
552 -0.156682786 0.323783475
553 -0.372759682 0.352523333
554 -0.245776612 0.319827166
555 -0.202794113 0.2770515
556 -0.190943182 0.336362304
557 -0.255613094 0.282946234
558 -0.253257186 0.322552274
559 -0.271954828 0.313338112
560 -0.180495537 0.326689517
561 -0.183701402 0.373122297
562 -0.135900186 0.293481271
563 -0.210509233 0.291508464
564 -0.262560957 0.336387036
565 -0.192767682 0.302175546
566 -0.135926619 0.369619904
567 -0.223462687 0.329144776
568 -0.235142307 0.286011996
569 -0.242045953 0.305428715
570 -0.246662149 0.325508945
571 -0.215293709 0.625449968
572 -0.198957077 0.504197529
573 -0.184516354 0.538056063
574 -0.169586027 0.487795233
575 -0.246779352 0.46460887
576 -0.176292378 0.338898573
577 -0.24246371 0.468686545
578 -0.150740094 0.341475629
579 -0.220531219 0.372994551
580 -0.236218858 0.359588634
581 -0.139686573 0.339077349
582 -0.163987027 0.338075432
583 -0.403173987 0.344079812
584 -0.163751383 0.35279658
585 -0.322074857 0.277820689
586 -0.158555267 0.336368832
587 -0.263949857 0.301015281
588 -0.326915024 0.33440315
589 -0.204398614 0.368231769
590 -0.17038711 0.332930868
591 -0.248436411 0.350417554
592 -0.139449977 0.311999793
593 -0.134267239 0.31532234
594 -0.152027766 0.31409275
595 -0.265369079 0.298954334
596 -0.137258847 0.410276482
597 -0.178478545 0.36037545
598 -0.162718673 0.321375241
599 -0.248065796 0.326904643
600 -0.236627292 0.332714492
601 -0.204919803 1.282009861
602 -0.237937828 1.163375741
603 -0.281994321 0.940970192
604 -0.177648001 1.063422154
605 -0.3336433 0.878037995
606 -0.183414539 0.716084614
607 -0.305987281 0.694930273
608 -0.21732811 0.534438063
609 -0.261424569 0.6472609620000001
610 -0.216086775 0.569421369
611 -0.24683279 0.542178034
612 -0.370547227 0.561895082
613 -0.316364923 0.5428313219999999
614 -0.37306935 0.594385929
615 -0.291043037 0.505040177
616 -0.249986898 0.5259608019999999
617 -0.289187526 0.558962975
618 -0.43768421 0.5445388
619 -0.326153629 0.601906244
620 -0.251827847 0.608361183
621 -0.288610877 0.460933853
622 -0.240830478 0.392107319
623 -0.230828487 0.512241309
624 -0.367725604 0.49574809
625 -0.515464871 0.459128413
626 -0.34539793 0.485581957
627 -0.203023738 0.441921935
628 -0.28183159 0.397791898
629 -0.229367866 0.471476752
630 -0.400018194 0.422396229
631 -0.172085813 0.353802905
632 -0.136801022 0.263185888
633 -0.181284747 0.266914389
634 -0.20512627 0.277713778
635 -0.128529455 0.267645863
636 -0.145972186 0.267654908
637 -0.097374424 0.289078379
638 -0.192020656 0.335791819
639 -0.175662933 0.313388354
640 -0.201109038 0.332266903
641 -0.132944421 0.331155125
642 -0.197725378 0.328197272
643 -0.145389419 0.224800618
644 -0.140188786 0.285879013
645 -0.127652354 0.227094415
646 -0.154271477 0.250858657
647 -0.137038222 0.230297278
648 -0.183858033 0.29205483
649 -0.161321709 0.275957389
650 -0.111507939 0.292790153
651 -0.194324083 0.251782563
652 -0.111704404 0.290484137
653 -0.230664292 0.291952592
654 -0.209169099 0.257838597
655 -0.111511071 0.270145056
656 -0.138586746 0.270037243
657 -0.173161238 0.247820124
658 -0.129877383 0.386483783
659 -0.156111572 0.212938104
660 -0.184698053 0.327912979
661 -0.262792989 0.183676953
662 -0.266558798 0.138666488
663 -0.294023812 0.241039182
664 -0.183418715 0.191830504
665 -0.251961893 0.23903754
666 -0.222542078 0.154605447
667 -0.194276929 0.347404741
668 -0.310182774 0.23030914
669 -0.33563019 0.217108334
670 -0.231210916 0.208449794
671 -0.152840084 0.262264222
672 -0.233516917 0.172744119
673 -0.242629017 0.188286509
674 -0.292529177 0.523680089
675 -0.184224853 0.259338052
676 -0.243848545 0.366832823
677 -0.250304298 0.316713734
678 -0.239096621 0.191270564
679 -0.221954019 0.187368089
680 -0.212765813 0.196530527
681 -0.174585921 0.36519071
682 -0.254203895 0.314845271
683 -0.329819889 0.202936064
684 -0.227517682 0.354083607
685 -0.344793752 0.144459489
686 -0.231224561 0.237166938
687 -0.258403499 0.243327018
688 -0.221101623 0.362841286
689 -0.422876457 0.195707898
690 -0.229872895 0.193113982
691 -0.205074675 0.192890405
692 -0.238070952 0.198852626
693 -0.197228468 0.210616498
694 -0.218141225 0.166818446
695 -0.194929561 0.180856523
696 -0.184802498 0.202254222
697 -0.226843199 0.18716282
698 -0.210560032 0.195644805
699 -0.215010126 0.190802239
700 -0.163787681 0.181573475
701 -0.199495825 0.278608696
702 -0.29851705 0.204500552
703 -0.207600653 0.210752137
704 -0.191763518 0.371692227
705 -0.193107799 0.162192463
706 -0.169702193 0.283190563
707 -0.232330542 0.156062972
708 -0.226262139 0.235499882
709 -0.195636661 0.290204669
710 -0.218978244 0.248880874
711 -0.213559384 0.290180252
712 -0.243839039 0.217778256
713 -0.327836024 0.183866184
714 -0.223131578 0.179846682
715 -0.22376901 0.203271788
716 -0.362689981 0.220814675
717 -0.200313679 0.287724582
718 -0.29243463 0.241286665
719 -0.429070557 0.190276943
720 -0.320238923 0.187804766
721 -0.249921012 0.296265775
722 -0.185064209 0.248604815
723 -0.178176571 0.269471772
724 -0.223110495 0.201528121
725 -0.258524902 0.178311795
726 -0.177857195 0.216946687
727 -0.171364313 0.270004123
728 -0.210298736 0.214543774
729 -0.223691269 0.186371295
730 -0.241406026 0.240684238
731 -0.205660086 0.237390296
732 -0.15918177 0.257144136
733 -0.4177523 0.244311658
734 -0.182575794 0.213669889
735 -0.299258039 0.185826362
736 -0.199627761 0.169688429
737 -0.217720151 0.172455128
738 -0.292251055 0.206511455
739 -0.181794757 0.23256925
740 -0.168394815 0.233846976
741 -0.23991743 0.277869338
742 -0.24191875 0.230120812
743 -0.223205777 0.192358781
744 -0.254757094 0.251060139
745 -0.240878224 0.219634307
746 -0.164961265 0.355752786
747 -0.272082049 0.251340134
748 -0.271269828 0.254452004
749 -0.359155246 0.16496736
750 -0.257135449 0.304645266
751 -0.206453274 0.168222218
752 -0.289126671 0.246324727
753 -0.249485133 0.41446569
754 -0.217383096 0.212520428
755 -0.267425998 0.183163374
756 -0.192279816 0.238573773
757 -0.205183573 0.210033828
758 -0.288404371 0.201124657
759 -0.306640444 0.181584658
760 -0.234853218 0.218106508
761 -0.244291876 0.228703397
762 -0.184755782 0.230586268
763 -0.228652632 0.190868123
764 -0.295227312 0.184534536
765 -0.34809202 0.192023031
766 -0.236978909 0.430780776
767 -0.265682366 0.216732886
768 -0.32496482 0.257304376
769 -0.218747945 0.289892898
770 -0.292979568 0.219405907
771 -0.254882286 0.236342089
772 -0.229296946 0.243023248
773 -0.30803601 0.192412913
774 -0.284278519 0.215103666
775 -0.269639429 0.210585202
776 -0.234627944 0.190404462
777 -0.209471466 0.190175726
778 -0.243653105 0.235397101
779 -0.202462407 0.220479295
780 -0.284607689 0.218222356
781 -0.187931965 0.322108163
782 -0.183668706 0.249929138
783 -0.170796271 0.258746183
784 -0.287385478 0.243130159
785 -0.227137314 0.214777994
786 -0.191496237 0.214783027
787 -0.205820386 0.300450059
788 -0.148015664 0.244138541
789 -0.181181459 0.190092707
790 -0.202528523 0.187532358
791 -0.220340939 0.251014508
792 -0.199405179 0.170415902
793 -0.422626701 0.260694108
794 -0.205997833 0.189269496
795 -0.263518393 0.179322928
796 -0.201833002 0.166236813
797 -0.212199563 0.170414236
798 -0.300846783 0.308169246
799 -0.225230323 0.234520146
800 -0.265212626 0.247565639
801 -0.234744717 0.277245288
802 -0.241103204 0.216269996
803 -0.217725547 0.176808277
804 -0.368558648 0.257347726
805 -0.237389546 0.189729801
806 -0.15757228 0.318371478
807 -0.295679231 0.160765136
808 -0.330248766 0.217928048
809 -0.337891746 0.167783516
810 -0.278269633 0.272426107
811 -0.255410011 0.302070171
812 -0.185542179 0.247451035
813 -0.195896504 0.2666792
814 -0.18310967 0.203398133
815 -0.253312229 0.186266289
816 -0.198452033 0.204923924
817 -0.217848969 0.257699787
818 -0.205411985 0.238331722
819 -0.267446682 0.18546153
820 -0.249425912 0.216713854
821 -0.165689939 0.177931983
822 -0.169831982 0.172638656
823 -0.407528606 0.223984435
824 -0.205019575 0.204988926
825 -0.320496713 0.231679644
826 -0.157578348 0.19875164
827 -0.233571765 0.204435724
828 -0.345266264 0.244662711
829 -0.232734382 0.311806884
830 -0.241228853 0.181122664
831 -0.250914885 0.264217807
832 -0.238217827 0.221630464
833 -0.176194133 0.225231128
834 -0.207376568 0.224736793
835 -0.271534741 0.242957642
836 -0.160611007 0.348615855
837 -0.240960788 0.303370121
838 -0.190898764 0.272496628
839 -0.343537721 0.164635493
840 -0.264496175 0.303704024
841 -0.250513088 0.407009407
842 -0.195937879 0.355404827
843 -0.181565339 0.257897008
844 -0.15884275 0.3117995
845 -0.236773058 0.23052994
846 -0.159320956 0.196324939
847 -0.202912891 0.24951416
848 -0.201998315 0.207499399
849 -0.226652178 0.223343899
850 -0.18607747 0.353074981
851 -0.209332612 0.209554229
852 -0.314963017 0.244996671
853 -0.258065856 0.268915353
854 -0.213191058 0.202455684
855 -0.186506756 0.312617597
856 -0.201356754 0.253003204
857 -0.241844461 0.233108658
858 -0.280167154 0.228588106
859 -0.236521969 0.280260893
860 -0.18855559 0.193853432
861 -0.21060457 0.322705496
862 -0.188857006 0.171628261
863 -0.217476182 0.266859219
864 -0.257965249 0.258521849
865 -0.289570985 0.180235232
866 -0.244404936 0.291888262
867 -0.185658296 0.351754602
868 -0.241365597 0.204457536
869 -0.208720756 0.200883872
870 -0.306916162 0.247505765
871 -0.220859686 0.1905468
872 -0.201342916 0.230336224
873 -0.227996513 0.327980908
874 -0.382805948 0.262333406
875 -0.17010638 0.143196629
876 -0.228060516 0.264624916
877 -0.14822678 0.216484534
878 -0.329072849 0.229211078
879 -0.277141037 0.16789716
880 -0.255243897 0.360807449
881 -0.186078657 0.183979544
882 -0.293300874 0.156232449
883 -0.208246362 0.199014846
884 -0.203036904 0.171085645
885 -0.184020721 0.201128585
886 -0.178132497 0.206774399
887 -0.213369537 0.220607129
888 -0.246476543 0.162468253
889 -0.275336868 0.229503542
890 -0.166428263 0.201140768
891 -0.240202438 0.303945285
892 -0.211204187 0.341475923
893 -0.27057097 0.309126381
894 -0.320241719 0.214726788
895 -0.202681093 0.273929778
896 -0.240481109 0.266531276
897 -0.256850055 0.201997507
898 -0.202627983 0.312328334
899 -0.267722769 0.286295574
900 -0.395030741 0.248823323
901 0.813272548 1.25735148
902 0.857761531 1.254824763
903 0.735948591 1.280746738
904 0.808876643 1.190112777
905 0.777152837 1.229069359
906 0.817882945 1.186352864
907 0.634846088 1.194266269
908 0.722956375 1.2467937
909 0.750439435 1.301339102
910 0.77173097 1.241447903
911 0.703803747 1.161135557
912 0.823189366 1.201751599
913 0.803337074 1.220707748
914 0.472244525 1.282342959
915 0.716384436 1.197997747
916 0.613449282 1.235385513
917 0.653591573 1.278028029
918 0.778464591 1.201860551
919 0.817480736 1.200767927
920 0.81748898 1.206341741
921 0.617578439 1.191797441
922 0.685947525 1.24346981
923 0.76622588 1.283326929
924 0.606253962 1.170823688
925 0.843492196 1.35136064
926 0.707597971 1.211953649
927 0.744306512 1.224252776
928 0.603942259 1.277179904
929 0.838295763 1.439084937
930 0.817204423 1.234670977
931 0.798816541 1.181361044
932 0.794212418 1.193066106
933 0.759162083 1.188763887
934 0.803899225 1.191451448
935 0.808647317 1.18403929
936 0.757815942 1.168040793
937 0.74546349 1.206122466
938 0.780139537 1.2071696
939 0.79610234 1.161286083
940 0.796295734 1.16164392
941 0.716658022 1.190139567
942 0.774291759 1.306266342
943 0.768736745 1.231814308
944 0.554471091 1.151090692
945 0.808790131 1.171662946
946 0.680478235 1.148193969
947 0.806394816 1.24744524
948 0.781089187 1.192697514
949 0.679370284 1.199975797
950 0.742130111 1.213295661
951 0.665407832 1.192329261
952 0.795868699 1.243257921
953 0.80030835 1.266569433
954 0.77907902 1.214118957
955 0.811160473 1.231716941
956 0.7724729769999999 1.319887789
957 0.724935301 1.202061265
958 0.733226076 1.271608861
959 0.769629528 1.391976788
960 0.805024178 1.330011195
961 0.698616075 1.241574235
962 0.734949168 1.175960233
963 0.725948314 1.175144796
964 0.745057021 1.227637306
965 0.81698596 1.257201462
966 0.771091006 1.183793229
967 0.748577735 1.15593228
968 0.736958907 1.219531582
969 0.807529421 1.226631212
970 0.794364856 1.289472883
971 0.804933486 1.1783239
972 0.760983867 1.195111217
973 0.776607078 1.459736995
974 0.768903048 1.194281011
975 0.813197454 1.303089543
976 0.810809815 1.224160947
977 0.758672355 1.156362811
978 0.782744402 1.314363481
979 0.7475879600000001 1.230622242
980 0.708781837 1.168598294
981 0.745595499 1.266894891
982 0.763291122 1.283389481
983 0.804511368 1.249379839
984 0.747216526 1.284690661
985 0.760998462 1.226627186
986 0.690539045 1.177787024
987 0.772440135 1.339825196
988 0.751586185 1.346905181
989 0.821781336 1.432668581
990 0.655887906 1.313391695
991 0.832135203 1.200306138
992 0.761404689 1.293412176
993 0.609119894 1.246930315
994 0.810506426 1.220963772
995 0.8154579199999999 1.277337753
996 0.788328687 1.202465459
997 0.756358117 1.240166996
998 0.743083991 1.284770841
999 0.675951969 1.36077465
1000 0.785359082 1.353081309
1001 0.748783729 1.319220275
1002 0.737202164 1.223299179
1003 0.774593521 1.217501489
1004 0.811739598 1.356294768
1005 0.788788559 1.310223863
1006 0.630492002 1.207700317
1007 0.764855764 1.325700666
1008 0.637158766 1.285672698
1009 0.671223321 1.22930363
1010 0.794589706 1.354608926
1011 0.719614136 1.407172967
1012 0.71147776 1.313090753
1013 0.711547313 1.323814387
1014 0.789802676 1.269314358
1015 0.799539974 1.201787268
1016 0.782041625 1.385159834
1017 0.712997259 1.239846688
1018 0.759266646 1.391542188
1019 0.737905442 1.21373924
1020 0.693736303 1.254662336
1021 0.67446165 1.186601917
1022 0.7373878820000001 1.174358788
1023 0.725489244 1.175652254
1024 0.7298625989999999 1.284359523
1025 0.7917164209999999 1.228783875
1026 0.766953755 1.170243885
1027 0.721598231 1.164661562
1028 0.725677261 1.159758212
1029 0.810856738 1.185109369
1030 0.807851815 1.253404339
1031 0.805830818 1.213005594
1032 0.791235072 1.191020599
1033 0.772719781 1.465136666
1034 0.807538864 1.194501837
1035 0.823755356 1.317972233
1036 0.814779495 1.228567815
1037 0.796888685 1.196127696
1038 0.678798291 1.323149264
1039 0.698483981 1.219371885
1040 0.6248597380000001 1.258816585
1041 0.760637789 1.263938105
1042 0.807395165 1.295485046
1043 0.829262704 1.247217522
1044 0.749445108 1.398428057
1045 0.747300696 1.250702065
1046 0.703420037 1.170633336
1047 0.796140738 1.33646701
1048 0.76425706 1.406523627
1049 0.835413399 1.415148005
1050 0.695462841 1.367488246
1051 0.697787114 1.250058505
1052 0.746226308 1.174630771
1053 0.731425499 1.182656332
1054 0.800769995 1.182090005
1055 0.817138383 1.252142315
1056 0.783919952 1.202863347
1057 0.765006915 1.162377012
1058 0.720616772 1.198832537
1059 0.798752112 1.278183876
1060 0.788342123 1.273672132
1061 0.851624037 1.175091421
1062 0.8259001459999999 1.170905387
1063 0.799521997 1.434787565
1064 0.7953554309999999 1.214447316
1065 0.768764947 1.328986193
1066 0.788937358 1.177948829
1067 0.790871369 1.183492373
1068 0.746309802 1.350120821
1069 0.676342513 1.230699423
1070 0.741069137 1.24474665
1071 0.727830207 1.277113434
1072 0.786574615 1.299765859
1073 0.787047501 1.192495844
1074 0.788643629 1.21211933
1075 0.790228991 1.279141335
1076 0.6417145480000001 1.171511136
1077 0.709879546 1.275222416
1078 0.701207656 1.232230306
1079 0.837333605 1.376061497
1080 0.65677301 1.27166578
1081 0.592559568 1.246117063
1082 0.646780004 1.191705214
1083 0.74555192 1.168645231
1084 0.6897727930000001 1.172585106
1085 0.772821674 1.260678112
1086 0.79444225 1.149339962
1087 0.762308545 1.216656339
1088 0.7824440030000001 1.205243223
1089 0.788029574 1.199047939
1090 0.587213875 1.195419266
1091 0.7741360819999999 1.194268274
1092 0.735327795 1.265621268
1093 0.788093952 1.3056777
1094 0.799313528 1.230455619
1095 0.648913828 1.234448225
1096 0.784451869 1.21718492
1097 0.759911722 1.180961886
1098 0.7552214 1.292022944
1099 0.746324429 1.262033007
1100 0.814666333 1.217488985
1101 0.6619351959999999 1.252323211
1102 0.821540581 1.2608564
1103 0.758589379 1.248282286
1104 0.746514613 1.263422952
1105 0.760192478 1.315478066
1106 0.746847071 1.276567227
1107 0.636273949 1.187157935
1108 0.681573629 1.259743108
1109 0.761668291 1.18425033
1110 0.746681363 1.336844643
1111 0.806913412 1.209139125
1112 0.761363287 1.180196501
1113 0.684089745 1.227622707
1114 0.748256649 1.35498397
1115 0.839710434 1.181277705
1116 0.719010403 1.217577656
1117 0.796256157 1.164976179
1118 0.776272839 1.284320131
1119 0.827018181 1.285534392
1120 0.615476398 1.262856624
1121 0.7950175310000001 1.183137442
1122 0.841177349 1.302575133
1123 0.775808396 1.194118031
1124 0.818755282 1.21040007
1125 0.773883892 1.161562872
1126 0.760226959 1.207343464
1127 0.738952083 1.218815968
1128 0.819432501 1.247883085
1129 0.790398091 1.266943503
1130 0.7892197010000001 1.21472333
1131 0.688700879 1.293821991
1132 0.705349979 1.199117455
1133 0.655311242 1.260867839
1134 0.789833571 1.315243861
1135 0.745402294 1.204108474
1136 0.762474389 1.249158777
1137 0.809095776 1.268638415
1138 0.690550674 1.229027544
1139 0.712428584 1.287916547
1140 0.729134515 1.395039243
1141 0.164473684 0.557142857
1142 0.172839506 0.573707371
1143 0.151815182 0.508361204
1144 0.160493827 0.5341034099999999
1145 0.196969697 0.6296296300000001
1146 0.118721461 0.428571429
1147 0.189218922 0.525083612
1148 0.142857143 0.502750275
1149 0.177419355 0.557142857
1150 0.160493827 0.444155844
1151 0.227272727 0.6296296300000001
1152 0.118721461 0.428571429
1153 0.048387097 0.328571429
1154 0.542857143 0.895348837
1155 0.023255814 0.209876543
1156 0.313888889 0.714285714
1157 0.148148148 0.40797546
1158 0.128571429 0.425742574
1159 0.268537074 0.610465116
1160 0.164473684 0.557142857
1161 0.1 0.392785571
1162 0.102425876 0.326460481
1163 0.08585580600000001 0.381294964
1164 0.107692308 0.402197802
1165 0.107692308 0.395209581
1166 0.075 0.4
1167 0.079310345 0.3125
1168 0.101449275 0.377358491
1169 0.117391304 0.410071942
1170 0.088948787 0.323076923
1171 0.07692307700000001 0.383233533
1172 0.068807339 0.266666667
1173 0.106896552 0.323809524
1174 0.08355795100000001 0.415384615
1175 0 0.115942029
1176 0.040268456 0.26618705
1177 0.132636214 0.358208955
1178 0.101449275 0.354651163
1179 0.0375 0.245614035
1180 0.145896657 0.460431655
1181 0.014492754 0.325227964
1182 0.050420168 0.242831541
1183 0.06253908699999999 7.407407407
1184 0.06253908699999999 7.407407407
1185 0.06253908699999999 7.407407407
1186 0.06253908699999999 7.407407407
1187 0.06253908699999999 7.407407407
1188 0.063111392 18.57142857
1189 0.063111392 18.57142857
1190 0.063111392 18.57142857
1191 0.063111392 18.57142857
1192 0.063111392 18.57142857
1193 0.031269543 1.639344262
1194 0.031269543 1.639344262
1195 0.031269543 1.639344262
1196 0.031269543 1.639344262
1197 0.031269543 1.639344262
1198 0.07199424 11.11111111
1199 0.07199424 11.11111111
1200 0.07199424 11.11111111
1201 0.07199424 11.11111111
1202 0.07199424 11.11111111
1203 0.06253908699999999 24.24242424
1204 0.06253908699999999 24.24242424
1205 0.06253908699999999 24.24242424
1206 0.06253908699999999 24.24242424
1207 0.06253908699999999 24.24242424
1208 0.031269543 1.639344262
1209 0.031269543 1.639344262
1210 0.031269543 1.639344262
1211 0.031269543 1.639344262
1212 0.031269543 1.639344262
1213 0.031269543 1.639344262
1214 0.031269543 1.639344262
1215 0.031269543 1.639344262
1216 0.031269543 1.639344262
1217 0.031269543 1.639344262
1218 0.07199424 18.57142857
1219 0.07199424 18.57142857
1220 0.07199424 18.57142857
1221 0.07199424 18.57142857
1222 0.07199424 18.57142857
1223 0.06253908699999999 7.407407407
1224 0.06253908699999999 7.407407407
1225 0.06253908699999999 7.407407407
1226 0.06253908699999999 7.407407407
1227 0.06253908699999999 7.407407407
1228 0.07199424 11.11111111
1229 0.07199424 11.11111111
1230 0.07199424 11.11111111
1231 0.07199424 11.11111111
1232 0.07199424 11.11111111
1233 0.06253908699999999 10.60606061
1234 0.06253908699999999 10.60606061
1235 0.06253908699999999 10.60606061
1236 0.06253908699999999 10.60606061
1237 0.06253908699999999 10.60606061
1238 0.031269543 1.639344262
1239 0.031269543 1.639344262
1240 0.031269543 1.639344262
1241 0.031269543 1.639344262
1242 0.031269543 1.639344262
1243 0.143163923 31.53846154
1244 0.143163923 31.53846154
1245 0.143163923 31.53846154
1246 0.143163923 31.53846154
1247 0.143163923 31.53846154
1248 0.031269543 1.639344262
1249 0.031269543 1.639344262
1250 0.031269543 1.639344262
1251 0.031269543 1.639344262
1252 0.031269543 1.639344262
1253 0.09380863 65.15151514999999
1254 0.09380863 65.15151514999999
1255 0.09380863 65.15151514999999
1256 0.09380863 65.15151514999999
1257 0.09380863 65.15151514999999
1258 0.031269543 1.639344262
1259 0.031269543 1.639344262
1260 0.031269543 1.639344262
1261 0.031269543 1.639344262
1262 0.031269543 1.639344262
1263 0.07199424 30.3030303
1264 0.07199424 30.3030303
1265 0.07199424 30.3030303
1266 0.07199424 30.3030303
1267 0.07199424 30.3030303
1268 0.06253908699999999 22.95081967
1269 0.06253908699999999 22.95081967
1270 0.06253908699999999 22.95081967
1271 0.06253908699999999 22.95081967
1272 0.06253908699999999 22.95081967
1273 0.107991361 13.63636364
1274 0.107991361 13.63636364
1275 0.107991361 13.63636364
1276 0.107991361 13.63636364
1277 0.107991361 13.63636364
1278 0.06253908699999999 7.407407407
1279 0.06253908699999999 7.407407407
1280 0.06253908699999999 7.407407407
1281 0.06253908699999999 7.407407407
1282 0.06253908699999999 7.407407407
1283 0.031269543 1.639344262
1284 0.031269543 1.639344262
1285 0.031269543 1.639344262
1286 0.031269543 1.639344262
1287 0.031269543 1.639344262
1288 0 1
1289 0 1
1290 0 1
1291 0 1
1292 0 1
1293 0 1
1294 0 0.5
1295 0 1
1296 0 1
1297 0 1
1298 0 0.857142857
1299 0 0.833333333
1300 0 1
1301 0 0.222222222
1302 0 1
1303 0 1
1304 0 1
1305 0 0.714285714
1306 0 1
1307 0 0.833333333
1308 0 0.384615385
1309 0 1
1310 0 1
1311 0 0.666666667
1312 0 1
1313 0 1
1314 0 0.666666667
1315 0 0.333333333
1316 0 1
1317 0 1
1318 0 1
1319 0 0.666666667
1320 0 1
1321 0 0.8
1322 0 0.333333333
1323 0 0.857142857
1324 0 1
1325 0 1
1326 0 0.571428571
1327 0 0.666666667
1328 0 1
1329 0 0.222222222
1330 0 0.333333333
1331 0 0.5
1332 0 0.285714286
1333 0 0.25
1334 0 0.222222222
1335 0 0.4
1336 0 0.166666667
1337 0 1
1338 0 1
1339 0 1
1340 0 1
1341 0 1
1342 0 1
1343 0 0.333333333
1344 0 1
1345 0 1
1346 0 1
1347 0 1
1348 0 1
1349 0 1
1350 0 0.5
1351 0 1
1352 0 1
1353 0 1
1354 0 1
1355 0 0.777777778
1356 0 0.888888889
1357 0 0.333333333
1358 0 1
1359 0 1
1360 0 1
1361 0 1
1362 0 0.75
1363 0 0.875
1364 0 0.333333333
1365 0 1
1366 0 1
1367 0 0.733333333
1368 0 0.666666667
1369 0 0.8
1370 0 0.75
1371 0 1
1372 0 1
1373 0 1
1374 0 0.842105263
1375 0 0.8
1376 0 1
1377 0 1
1378 0 0.333333333
1379 0 0.333333333
1380 0 0.5
1381 0 0.555555556
1382 0 0.333333333
1383 0 0.222222222
1384 0 0.285714286
1385 0 0.25
1386 0 1
1387 0 1
1388 0 1
1389 0 0.8
1390 0 1
1391 0 1
1392 0 0.222222222
1393 0 1
1394 0 1
1395 0 1
1396 0 1
1397 0 0.789473684
1398 0 0.8
1399 0 0.416666667
1400 0 0.857142857
1401 0 1
1402 0 1
1403 0 0.764705882
1404 0 0.777777778
1405 0 0.705882353
1406 0 0.3
1407 0 0.916666667
1408 0 1
1409 0 0.857142857
1410 0 0.764705882
1411 0 0.714285714
1412 0 0.5
1413 0 0.3
1414 0 1
1415 0 0.857142857
1416 0 1
1417 0 0.75
1418 0 1
1419 0 0.555555556
1420 0 0.166666667
1421 0 1
1422 0 0.857142857
1423 0 1
1424 0 0.6
1425 0 0.666666667
1426 0 0.625
1427 0 0.340425532
1428 0 0.333333333
1429 0 0.333333333
1430 0 0.333333333
1431 0 0.333333333
1432 0 0.333333333
1433 0 0.333333333
1434 0 0.333333333
1435 0 0.857142857
1436 0 1
1437 0 0.75
1438 0 0.666666667
1439 0 1
1440 0 0.75
1441 0 0.255319149
1442 0 1
1443 0 1
1444 0 0.857142857
1445 0 0.75
1446 0 0.6
1447 0 0.777777778
1448 0 0.333333333
1449 0 0.833333333
1450 0 0.9
1451 0 0.714285714
1452 0 0.777777778
1453 0 0.625
1454 0 0.533333333
1455 0 0.222222222
1456 0 1
1457 0 1
1458 0 0.666666667
1459 0 1
1460 0 0.6
1461 0 0.666666667
1462 0 0.404255319
1463 0 0.5
1464 0 0.714285714
1465 0 0.625
1466 0 0.72
1467 0 1
1468 0 0.666666667
1469 0 0.333333333
1470 0 0.714285714
1471 0 1
1472 0 0.666666667
1473 0 0.833333333
1474 0 0.533333333
1475 0 0.5
1476 0 0.333333333
1477 0 0.222222222
1478 0 0.446808511
1479 0 0.255319149
1480 0 0.2
1481 0 0.222222222
1482 0 0.25
1483 0 0.166666667
1484 0 1
1485 0 1
1486 0 0.75
1487 0 0.777777778
1488 0 0.666666667
1489 0 0.714285714
1490 0 0.7
1491 0 1
1492 0 1
1493 0 1
1494 0 0.8
1495 0 1
1496 0 1
1497 0 0.5
1498 0 0.7
1499 0 1
1500 0 1
1501 0 0.476190476
1502 0 0.666666667
1503 0 0.5
1504 0 0.333333333
1505 0 0.571428571
1506 0 0.8
1507 0 0.75
1508 0 0.5600000000000001
1509 0 0.72
1510 0 0.666666667
1511 0 0.222222222
1512 0 1
1513 0 0.76
1514 0 0.666666667
1515 0 0.8
1516 0 1
1517 0 0.666666667
1518 0 0.5
1519 0 1
1520 0 1
1521 0 0.666666667
1522 0 0.6
1523 0 0.555555556
1524 0 0.666666667
1525 0 0.333333333
1526 0 0.5
1527 0 0.5
1528 0 0.375
1529 0 0.333333333
1530 0 0.5
1531 0 0.333333333
1532 0 0.066666667
1533 0 1
1534 0 1
1535 0 0.857142857
1536 0 0.555555556
1537 0 1
1538 0 1
1539 0 0.222222222
1540 0 1
1541 0 1
1542 0 0.777777778
1543 0 0.8
1544 0 0.75
1545 0 1
1546 0 0.25
1547 0 0.8
1548 0 0.894736842
1549 0 0.833333333
1550 0 0.75
1551 0 0.666666667
1552 0 0.5
1553 0 0.333333333
1554 0 0.777777778
1555 0 0.666666667
1556 0 0.833333333
1557 0 0.4
1558 0 0.4
1559 0 0.533333333
1560 0 0.285714286
1561 0 0.666666667
1562 0 0.714285714
1563 0 0.666666667
1564 0 0.666666667
1565 0 0.555555556
1566 0 0.571428571
1567 0 0.2
1568 0 0.714285714
1569 0 1
1570 0 0.714285714
1571 0 0.5
1572 0 0.666666667
1573 0 1
1574 0 0.2
1575 0 0.222222222
1576 0 0.333333333
1577 0 0.333333333
1578 0 0.25
1579 0 0.5
1580 0 0.333333333
1581 0 0.142857143
1582 0 0.333333333
1583 0 0.5
1584 0 0.5
1585 0 0.333333333
1586 0 0.222222222
1587 0 0.333333333
1588 0 0.166666667
1589 0 0.5
1590 0 0.428571429
1591 0 0.428571429
1592 0 0.489361702
1593 0 1
1594 0 0.235294118
1595 0 0.166666667
1596 0 0.574468085
1597 0 0.444444444
1598 0 0.666666667
1599 0 0.333333333
1600 0 0.333333333
1601 0 0.2
1602 0 0.191489362
1603 0 0.363636364
1604 0 0.25
1605 0 0.4
1606 0 0.2
1607 0 0.333333333
1608 0 0.272727273
1609 0 0.191489362
1610 0 0.222222222
1611 0 0.222222222
1612 0 0.5
1613 0 0.166666667
1614 0 0.333333333
1615 0 0.333333333
1616 0 0.333333333
1617 0 0.333333333
1618 0 0.333333333
1619 0 0.222222222
1620 0 0.212765957
1621 0 0.2
1622 0 0.425531915
1623 0 0.166666667
1624 0 0.25
1625 0 0.166666667
1626 0 0.333333333
1627 0 0.142857143
1628 0 0.1
1629 0 0.125
1630 0 0.142857143
1631 23.333224 1100.258308
1632 24.961146 1082.476688
1633 16.303328 1125.316734
1634 19.464431 1133.053009
1635 21.856675 1120.96332
1636 20.625682 1137.837975
1637 17.926195 1138.458313
1638 18.370217 1121.790942
1639 20.09654 1130.365001
1640 17.881707 1122.242325
1641 17.971085 1122.478994
1642 18.360607 1096.922832
1643 23.327897 1106.012132
1644 18.596826 1075.365421
1645 17.195312 1080.115096
1646 13.779174 1088.423345
1647 18.423098 1087.665511
1648 14.565496 1100.724293
1649 19.231408 1103.140327
1650 17.525099 1098.184109
1651 14.623436 1113.55075
1652 14.883778 1132.290471
1653 15.135624 1118.986274
1654 13.424101 1130.728864
1655 15.336002 1138.591521
1656 13.242989 1093.45158
1657 11.354417 1095.526965
1658 13.385641 1135.146694
1659 10.7196 1076.264874
1660 14.30951 1077.745025
1661 510435 34302879
1662 558861 32075274
1663 514021 31000130
1664 466128 33124741
1665 537464 30890845
1666 538258 31336630
1667 447220 32323954
1668 425216 32219296
1669 397153 31126990
1670 469650 34853853
1671 480034 30588117
1672 436799 30851808
1673 436497 33342024
1674 339184 31933939
1675 428301 31033465
1676 398945 32264487
1677 376338 31030172
1678 319834 30337136
1679 423456 32555148
1680 417501 30628858
1681 358950 31192738
1682 322489 31818580
1683 367972 30857754
1684 339043 31799753
1685 335432 33210626
1686 280701 31705311
1687 312690 29583655
1688 287208 33224409
1689 329135 29750467
1690 336762 31871276
1691 0.014637157 0.231356847
1692 0.006726965 0.188059028
1693 0 0.15612967
1694 0 0.115091713
1695 0 0.095925432
1696 0 0.209400523
1697 0 0.25080689
1698 0.018602692 0.20256688
1699 0 0.078684269
1700 0.011102533 0.195081976
1701 0.026019484 0.222700566
1702 0.009636723 0.202103553
1703 0.003478955 0.09402980900000001
1704 0 0.148217705
1705 0 0.168069926
1706 0.013432788 0.168325766
1707 0 0.125963897
1708 0 0.042419155
1709 0 0.07822614999999999
1710 0.016414385 0.171865086
1711 4.7e-07 7.54e-06
1712 1.8e-07 1.07e-05
1713 0 5.01e-06
1714 0 4.24e-06
1715 0 2.86e-06
1716 0 1.02e-05
1717 0 8.65e-06
1718 7.66e-07 8.080000000000001e-06
1719 0 3.07e-06
1720 3.97e-07 6.56e-06
1721 8.8e-07 6.98e-06
1722 3.9e-07 9.799999999999999e-06
1723 1.25e-07 3.59e-06
1724 0 4.23e-06
1725 0 5.9e-06
1726 6.68e-07 5.7e-06
1727 0 5.22e-06
1728 0 1.23e-06
1729 0 2.6e-06
1730 5.73e-07 6.45e-06
1731 0.030188726 0.048728137
1732 0.029768328 0.052525934
1733 0.027713226 0.051109991
1734 0.030585413 0.043474389
1735 0.030102116 0.047355065
1736 0.029237698 0.043796944
1737 0.029289326 0.045030272
1738 0.027814134 0.04023822
1739 0.026995256 0.043347697
1740 0.029351722 0.040346097
1741 0.02923812 0.042104844
1742 0.029006569 0.043434047
1743 0.029561551 0.040383536
1744 0.028203742 0.037326098
1745 0.027104434 0.036643478
1746 0.022617667 0.038065603
1747 0.027661852 0.03672868
1748 0.021092447 0.037436517
1749 0.028429785 0.03826513
1750 0.024407468 0.04034186
1751 0.021145354 0.036936343
1752 0.022885012 0.038520864
1753 0.024844196 0.036951038
1754 0.020869681 0.036255617
1755 0.024009509 0.035863958
1756 0.02072985 0.036510729
1757 0.018637577 0.035431861
1758 0.020482185 0.034847177
1759 0.016782231 0.034800671
1760 0.022246175 0.034997527
1761 0.030149208 0.047764884
1762 0.031729115 0.049037473
1763 0.030336417 0.050301197
1764 0.030464702 0.045157375
1765 0.031084432 0.044558792
1766 0.031737347 0.044438331
1767 0.028393286 0.045740195
1768 0.029194599 0.04357678
1769 0.030248553 0.046531987
1770 0.030980986 0.041051559
1771 0.029279654 0.039478572
1772 0.030360498 0.040455575
1773 0.029227999 0.041493928
1774 0.021534252 0.039015471
1775 0.026673921 0.038558478
1776 0.023812708 0.037887382
1777 0.028379868 0.037284306
1778 0.024359669 0.036704135
1779 0.027115539 0.037443233
1780 0.026970064 0.037986533
1781 0.022789164 0.037280903
1782 0.024561883 0.036894052
1783 0.025974235 0.03774989
1784 0.023982555 0.036254183
1785 0.02453986 0.036244952
1786 0.021167826 0.03548853
1787 0.020756095 0.035642279
1788 0.018234379 0.035130577
1789 0.022013653 0.036090548
1790 0.023357986 0.035267527
1791 0.228428682 83.77427634999999
1792 0.298191095 51.95538463
1793 0 60.61493681
1794 0 58.25455031
1795 0 72.55876673
1796 0 57.19054026
1797 0 94.61220720999999
1798 0.402867457 86.29417113
1799 0 25.57802037
1800 0.402867457 46.55043975
1801 0.60922741 85.88447809
1802 0.226616954 50.96756673
1803 0.203075803 24.60503222
1804 0 35.91033923
1805 0 57.18396311
1806 0.201433728 80.84510585
1807 0 82.01677405
1808 0 9.838160028000001
1809 0 24.85775082
1810 0.203075803 74.21470108
1811 0.020067927 0.029777354
1812 0.020295296 0.033281876
1813 0.017179867 0.032601997
1814 0.019337463 0.029269553
1815 0.020564751 0.030425307
1816 0.020262158 0.029539901
1817 0.01867212 0.030977231
1818 0.020573092 0.030074239
1819 0.020465926 0.029806621
1820 0.021826967 0.028479444
1821 0.020315783 0.032644056
1822 0.021809541 0.030928685
1823 0.020756991 0.029673124
1824 0.016617439 0.030125785
1825 0.019944705 0.029538342
1826 0.02008569 0.030541362
1827 0.021205467 0.028455844
1828 0.019365966 0.029702465
1829 0.019174364 0.031586557
1830 0.020019517 0.033437347
1831 0.018365516 0.029690203
1832 0.020136382 0.029778366
1833 0.020635301 0.029790507
1834 0.019956366 0.03131515
1835 0.021458071 0.029552428
1836 0.017695603 0.029860254
1837 0.02003824 0.030342566
1838 0.019108064 0.030440523
1839 0.01899951 0.032636632
1840 0.021062154 0.032119788
1841 0.809463452 256.8737283
1842 0.981676954 199.9780301
1843 0 197.9028618
1844 0 214.6816682
1845 0 236.8984996
1846 0 210.7605419
1847 0 290.1056442
1848 1.006415881 281.7434831
1849 0 77.44224561
1850 1.006415881 171.5492783
1851 2.012831763 318.404946
1852 0.938500553 164.6825548
1853 0.809463452 75.44543068999999
1854 0 132.3380147
1855 0 196.056318
1856 0.503207941 247.8921294
1857 0 251.484769
1858 0 36.47363159
1859 0 86.96719184
1860 0.903961023 273.4985636
1861 -0.01391139 0.013192356
1862 -0.009419792 0.011273498
1863 -0.01637107 0.010813668
1864 -0.011442125 0.009824207999999999
1865 -0.021782524 0.024562191
1866 -0.011848895 0.016460527
1867 -0.009805233999999999 0.024277861
1868 -0.009192581999999999 0.015417597
1869 -0.013594732 0.010846086
1870 -0.007993629 0.015195986
1871 -0.013624898 0.016016096
1872 -0.008795228 0.014143752
1873 -0.008256083000000001 0.029533216
1874 -0.007730433 0.01888867
1875 -0.014745204 0.01828668
1876 -0.007663904 0.017264651
1877 -0.010215374 0.018794575
1878 -0.010411086 0.019861543
1879 -0.008586417000000001 0.013251225
1880 -0.007115774 0.015634387
1881 -0.017805011 0.018988492
1882 -0.005312654 0.012024208
1883 -0.011097191 0.01504279
1884 -0.008270161999999999 0.01384367
1885 -0.013084614 0.010405385
1886 -0.010885246 0.014057384
1887 -0.01714773 0.019175277
1888 -0.009125563999999999 0.017409702
1889 -0.011300801 0.015568569
1890 -0.008599413 0.014880582
1891 -0.014392365 0.021425116
1892 -0.007336641 0.018140026
1893 -0.007432711 0.020390667
1894 -0.006745109 0.012772278
1895 -0.009452495999999999 0.01697557
1896 -0.007743908 0.020095362
1897 -0.015134699 0.01305072
1898 -0.008630041 0.010180481
1899 -0.012428386 0.019816162
1900 -0.006563619 0.017371129
1901 -0.011363244 0.017796696
1902 -0.008824999 0.019090489
1903 -0.009545483 0.020402399
1904 -0.012501166 0.019930311
1905 -0.013576094 0.013695081
1906 -0.008738134 0.013546041
1907 -0.020210555 0.022698911
1908 -0.009979745999999999 0.020982721
1909 -0.014279217 0.012145059
1910 -0.010448407 0.013651716
1911 -0.023240959 0.019369353
1912 -0.009015034 0.019659648
1913 -0.014520446 0.017973028
1914 -0.009868567 0.020773137
1915 -0.011153941 0.013707989
1916 -0.00763579 0.015775222
1917 -0.015144167 0.026953631
1918 -0.012839856 0.020159304
1919 -0.021289044 0.011975841
1920 -0.010496828 0.011591101
